1
1
1
1
2
3
3
4
6
7
8
9
9
12
12
14
15
17
17
18
19
19
20
21
22
25
25
25
26
26
27
28
28
31
31
33
36
36
37
38
39
41
41
42
43
43
43
44
46
48
48
49
50
50
50
51
51
53
55
59
59
60
61
62
64
67
69
69
70
70
73
74
75
76
79
81
83
85
86
88
90
90
95
95
96
96
100
101
103
103
104
104
105
105
105
106
106
108
109
111
112
113
114
115
116
117
117
119
119
120
120
120
121
123
124
124
125
125
125
128
132
132
136
137
137
139
139
139
141
141
143
143
144
144
146
146
146
147
148
148
151
153
154
155
156
156
157
162
162
163
164
167
168
169
169
170
170
171
172
172
173
173
174
174
174
175
176
178
179
180
180
182
182
183
183
183
186
188
189
189
189
192
195
195
196
197
197
198
198
200
205
205
205
206
207
207
208
209
210
211
213
213
216
216
219
220
221
221
223
224
224
224
225
229
229
230
234
234
235
235
235
237
238
238
239
239
240
240
241
243
243
243
244
245
245
247
250
250
251
253
255
256
256
257
261
261
262
263
264
265
265
270
275
276
278
278
282
284
284
284
284
285
285
286
287
289
289
289
289
292
293
293
294
294
298
300
300
301
302
302
303
303
304
304
304
305
305
306
308
308
310
313
315
315
318
319
319
320
321
322
327
328
328
328
328
328
329
329
329
330
330
330
331
331
331
331
332
334
334
337
337
338
340
340
340
341
342
343
343
343
343
346
346
347
347
348
349
350
350
350
351
354
354
356
358
359
359
362
363
365
367
368
369
372
372
373
373
374
375
378
378
379
381
382
384
386
386
388
388
390
392
392
393
394
394
396
396
396
397
398
399
399
400
400
402
404
406
407
407
408
410
411
412
414
415
417
418
419
420
422
422
423
425
425
427
427
431
431
433
433
434
436
436
438
438
439
440
440
440
441
444
444
444
445
446
447
447
448
449
450
450
451
451
454
454
458
458
458
459
459
459
459
463
463
463
464
464
467
469
470
470
471
471
472
472
472
474
476
476
476
476
477
478
478
478
481
481
481
483
484
485
485
485
487
487
487
488
489
492
493
494
495
495
496
496
497
497
497
497
498
498
502
503
504
504
505
508
508
508
509
511
511
517
518
518
519
519
519
520
520
521
521
522
523
524
525
525
526
528
528
529
530
531
531
532
532
532
535
536
539
540
541
544
545
547
547
547
548
548
549
553
554
555
555
555
556
557
559
559
559
560
560
560
561
562
562
563
563
563
565
565
568
569
569
570
573
574
574
575
575
576
576
577
577
579
580
580
582
582
582
586
586
589
590
591
592
592
592
593
595
596
596
597
599
601
602
603
603
604
604
606
608
609
609
610
612
612
615
615
615
615
615
616
616
617
618
619
621
622
622
629
632
632
633
635
635
636
636
637
638
640
641
641
641
643
646
646
646
647
648
649
649
649
650
651
651
653
653
653
654
655
656
656
660
662
664
664
665
667
668
670
670
672
673
673
673
674
674
674
675
675
677
677
677
677
678
680
680
682
683
686
686
686
687
687
688
688
690
690
690
692
692
694
694
697
697
701
705
707
709
711
711
712
712
714
715
716
716
717
720
723
723
724
724
725
727
727
728
729
730
730
730
731
731
731
731
731
732
733
734
735
737
740
741
741
741
742
743
743
743
744
745
746
747
747
749
750
751
753
753
753
753
753
754
755
760
761
762
763
764
764
764
764
764
765
765
765
768
768
769
773
774
776
776
776
777
777
777
777
779
779
780
783
783
784
787
787
789
789
789
790
790
791
792
792
793
796
796
797
798
799
799
799
801
802
804
806
806
807
809
811
811
812
812
813
813
814
815
816
816
817
819
820
821
821
822
823
824
824
827
828
831
832
833
833
834
834
836
836
837
839
840
841
842
843
843
843
844
845
846
847
848
848
850
850
853
854
858
858
860
860
861
862
864
865
866
867
869
869
869
870
871
872
873
874
874
876
877
877
878
880
880
881
883
884
886
886
886
889
890
890
893
893
894
894
897
898
901
903
904
906
907
907
908
908
908
909
910
910
910
912
913
915
915
916
918
920
922
926
926
927
927
929
929
929
930
931
932
933
934
934
935
936
936
936
937
941
941
942
943
943
944
944
945
948
950
951
951
954
954
955
956
956
958
959
960
960
961
962
964
964
965
966
967
968
969
969
970
972
975
975
975
976
977
978
978
979
981
981
982
982
984
985
986
987
987
993
994
995
996
997
997
997
998
998
998
998
999
1000
1000
