725
338
330
944
606
717
481
18
502
889
753
869
431
960
886
807
43
243
754
328
790
649
388
774
694
735
100
633
707
9
730
95
765
716
827
120
365
257
596
737
817
261
866
400
964
450
293
728
146
998
508
517
846
612
216
492
579
22
15
922
125
779
162
298
532
692
331
440
198
635
347
14
128
243
331
793
723
493
865
474
36
936
641
141
116
459
894
419
872
289
934
402
119
197
485
46
334
183
814
709
372
677
987
978
541
306
404
569
854
1
205
673
715
471
720
677
498
978
997
556
369
340
555
431
646
683
860
649
105
359
615
264
245
101
796
997
221
174
476
1
753
523
783
25
747
821
674
459
381
596
433
580
239
981
463
43
115
604
651
547
977
545
414
438
410
544
250
622
548
753
286
559
154
688
238
734
675
955
1000
398
294
256
960
670
183
893
17
471
760
519
834
251
586
841
609
396
50
945
753
48
986
427
157
216
396
327
425
207
51
815
304
240
7
907
1
930
300
745
386
313
334
224
784
119
813
687
667
302
724
969
494
597
787
780
282
576
903
956
319
343
861
777
520
670
451
521
847
615
680
799
179
915
378
347
962
372
454
711
833
848
440
36
308
1000
809
575
182
171
697
799
337
599
601
618
3
470
285
975
146
104
511
358
476
132
174
464
436
418
975
42
975
749
635
497
712
225
519
448
950
487
241
508
170
407
498
796
367
340
300
200
615
444
476
731
284
38
904
301
776
504
21
434
998
440
519
470
508
764
730
458
982
422
801
592
235
617
20
310
839
577
673
253
49
763
602
915
70
105
934
189
539
864
270
441
632
559
574
959
858
83
223
137
195
791
995
28
459
677
716
619
547
641
350
123
459
436
931
275
998
741
877
870
454
261
120
643
156
1
478
890
557
845
908
936
524
540
741
769
608
532
806
315
106
27
51
559
33
143
650
331
481
535
893
192
577
802
198
877
984
189
74
211
843
394
278
321
108
496
926
304
172
929
354
525
742
359
340
621
999
972
677
530
574
125
341
673
798
680
653
497
178
783
406
822
723
262
764
221
690
197
293
213
712
981
164
724
103
622
842
969
393
195
6
318
967
848
731
678
565
943
124
43
932
356
916
518
109
832
956
732
284
2
59
284
563
240
701
522
17
132
73
776
812
804
586
509
656
384
761
487
764
909
396
929
664
330
741
422
213
779
970
76
592
458
12
636
871
417
777
373
60
647
328
489
25
966
672
397
560
504
207
444
886
69
727
59
883
368
777
350
348
690
445
792
337
206
954
476
836
777
563
176
302
518
322
636
828
660
944
497
354
450
463
320
120
790
342
525
350
53
547
731
136
833
731
304
144
831
910
880
315
834
823
379
961
375
238
521
289
595
750
894
705
497
858
25
996
862
155
806
86
589
48
505
472
447
169
874
582
172
151
173
592
163
205
733
351
444
378
686
536
812
811
147
687
180
789
646
993
196
529
787
843
26
573
265
729
496
139
562
62
139
186
247
648
526
580
773
103
860
878
744
665
520
285
343
958
146
711
727
278
220
789
234
148
386
910
439
668
998
329
19
590
55
913
603
399
37
920
943
328
880
328
603
563
67
143
886
869
897
346
284
346
96
205
730
640
933
637
373
976
121
591
582
106
548
117
331
837
740
175
926
183
44
412
180
303
392
562
824
898
824
840
305
478
229
912
942
951
328
765
694
467
239
951
447
528
979
75
664
289
156
70
137
964
907
392
764
765
753
169
61
908
488
411
531
3
654
743
408
821
88
487
458
39
234
255
816
997
616
104
843
575
69
927
41
768
565
554
237
400
649
4
570
792
308
19
235
244
50
329
50
884
484
797
653
162
511
528
294
263
472
531
641
612
503
762
224
853
593
485
305
844
610
692
12
651
674
483
686
874
697
90
41
873
79
901
890
881
478
768
235
399
446
349
363
451
394
743
688
682
9
813
343
243
674
686
438
662
96
469
910
209
869
836
330
374
675
656
569
8
816
936
954
495
256
26
555
229
646
941
985
751
582
105
632
28
819
553
615
170
987
638
653
287
182
433
292
174
173
382
319
420
407
918
423
303
743
908
168
230
388
289
495
906
31
549
994
755
265
820
609
616
876
245
481
568
167
343
111
153
449
929
968
390
982
655
276
81
141
776
850
927
560
747
114
555
64
189
867
362
210
937
746
629
948
576
561
139
329
604
148
224
714
850
125
690
124
90
615
332
941
811
31
188
112
472
415
85
560
95
935
731
250
485
117
427
463
464
477
789
425
144
764
208
219
799
113
532
965
