575
894
476
647
173
683
384
559
333
567
614
693
286
690
709
816
192
632
997
867
658
559
363
554
449
877
443
957
371
287
287
440
571
249
1000
677
887
638
300
681
714
478
912
190
392
115
521
820
625
659
977
702
354
798
118
254
535
35
287
396
443
388
620
932
684
342
679
916
110
433
38
808
770
486
123
400
813
809
998
331
960
413
368
317
34
320
491
585
741
762
558
598
217
342
255
405
441
997
92
463
310
832
607
425
191
149
191
255
679
56
755
225
608
674
886
232
711
165
30
97
668
623
819
307
588
476
979
350
500
722
567
340
576
116
34
701
861
27
351
371
864
557
596
169
420
241
766
754
861
918
420
466
962
428
982
988
709
442
462
843
16
583
606
302
383
8
342
96
673
331
249
678
82
825
919
374
881
369
68
782
658
283
227
659
846
683
275
294
556
561
280
855
768
769
988
279
19
339
389
978
618
995
776
330
794
937
60
976
381
940
942
225
749
357
615
7
334
793
51
868
37
832
157
548
335
130
297
213
694
17
901
737
675
674
780
69
322
559
49
615
860
371
728
877
675
742
227
56
610
89
462
855
266
886
115
816
75
664
377
935
348
264
952
836
336
997
455
519
641
100
329
855
850
348
268
203
504
176
381
916
575
360
648
526
82
205
6
446
217
639
703
132
159
561
218
162
618
828
517
975
183
645
259
751
722
605
82
318
637
473
776
593
336
99
643
541
504
268
340
554
267
805
757
323
973
824
101
422
150
334
835
430
682
622
891
297
656
432
898
157
731
981
625
30
609
128
111
465
278
747
508
246
757
567
63
313
142
742
108
910
655
371
384
153
617
485
772
969
13
832
136
128
532
65
509
117
385
410
828
887
240
319
836
711
708
520
963
789
802
488
377
306
584
870
475
64
186
2
918
485
496
352
30
188
833
600
95
996
923
500
767
784
1
334
601
459
661
477
645
491
769
65
482
825
972
412
497
618
742
220
377
224
640
136
786
85
829
6
658
101
782
225
510
734
254
453
277
854
715
843
272
611
85
133
937
684
21
577
918
265
513
661
61
652
284
628
32
302
736
298
270
899
986
174
646
66
418
288
562
551
998
522
978
230
779
370
851
409
133
956
365
537
902
240
930
244
701
582
75
646
19
817
887
39
451
960
25
234
355
770
678
554
548
855
681
705
187
710
997
417
484
237
233
179
633
530
869
689
109
172
361
604
490
277
453
628
224
719
479
454
716
454
480
209
407
831
940
199
41
583
988
120
121
648
348
410
784
179
29
802
279
81
391
553
434
621
234
530
663
536
736
171
85
685
563
514
932
869
375
126
423
882
157
642
564
660
912
871
832
558
79
605
496
104
945
862
160
952
132
632
474
487
483
307
361
582
687
764
626
418
487
393
256
573
274
277
594
860
34
54
285
863
193
56
233
226
342
61
280
246
633
799
658
591
726
25
941
953
274
250
566
288
981
773
184
337
140
231
185
502
274
746
726
901
883
770
234
280
892
312
159
821
980
307
97
694
170
717
713
848
461
375
964
71
613
912
188
611
31
665
524
957
676
225
508
519
13
215
168
871
208
227
794
784
601
956
217
832
906
833
344
558
889
763
124
378
720
646
70
19
945
462
3
717
432
346
185
264
380
278
836
258
410
554
951
401
36
773
517
428
571
586
462
648
617
39
2
558
61
172
857
583
370
909
843
490
53
918
215
786
363
947
204
681
145
909
936
464
835
629
784
346
975
833
662
911
772
934
973
173
344
933
684
246
465
941
371
475
618
231
439
775
556
823
659
40
708
875
847
95
12
761
722
517
838
468
337
454
780
131
691
479
619
250
635
93
850
845
620
662
504
573
365
653
472
895
575
702
398
954
159
700
656
327
80
295
605
985
8
752
756
374
999
189
269
690
483
529
622
161
844
192
906
259
595
174
586
486
324
222
189
992
451
207
895
455
966
223
351
393
955
550
20
339
954
822
310
803
867
965
965
908
889
527
993
144
864
936
844
496
881
942
29
130
75
172
812
110
400
935
693
413
384
670
423
211
97
930
170
970
519
1000
842
603
945
774
733
495
852
738
614
7
998
692
554
771
691
895
30
136
820
709
202
962
818
448
22
255
279
285
685
387
587
204
55
321
137
445
155
979
964
138
3
667
881
94
606
782
259
905
371
734
735
307
425
63
787
274
383
967
975
655
961
450
249
513
501
324
548
8
471
362
242
32
227
286
119
631
226
332
121
999
234
188
498
14
792
231
282
268
71
58
313
599
975
125
412
963
219
578
33
799
827
640
17
139
34
804
508
342
264
615
903
228
511
435
887
9
175
124
402
865
716
777
579
620
487
430
222
533
334
519
481
213
87
307
685
496
427
385
214
898
714
674
814
909
377
631
486
797
691
205
156
590
476
39
562
516
766
493
219
566
781
438
882
945
27
139
514
39
565
921
553
1
43
986
118
508
847
187
57
109
480
715
996
495
367
945
979
228
48
936
965
406
962
923
385
547
602
928
518
732
488
156
386
470
569
255
749
152
820
418
970
97
125
769
996
961
890
200
832
355
521
299
707
591
294
460
766
16
534
119
388
332
678
909
587
326
558
932
53
199
671
445
431
668
493
291
278
531
812
243
936
235
84
363
522
845
230
921
928
840
43
407
666
654
693
717
525
515
205
690
77
277
415
858
149
188
993
311
533
388
404
742
372
434
346
55
198
547
863
935
378
941
438
750
220
682
342
777
549
4
893
10
329
349
486
820
591
182
721
214
702
122
903
837
994
433
968
954
469
431
961
54
239
384
755
19
590
41
266
640
722
717
156
877
315
994
179
369
290
847
753
32
223
689
895
397
961
42
595
83
966
816
767
39
165
152
602
476
729
847
548
608
193
731
971
594
565
134
345
948
627
872
974
538
533
471
439
418
931
790
440
30
193
134
372
326
548
212
260
494
573
1000
860
523
415
568
908
615
152
796
844
371
781
5
559
484
102
447
427
273
785
765
842
273
641
146
194
269
138
116
866
774
725
550
383
548
356
181
56
135
371
925
490
794
401
196
575
667
841
721
727
689
907
724
240
922
621
381
118
247
652
159
950
700
450
935
215
984
933
253
999
667
343
151
869
360
966
110
119
968
136
834
243
756
985
169
356
324
825
386
87
880
418
764
676
39
928
361
608
390
764
935
564
100
813
473
944
784
456
674
964
74
610
524
27
845
988
703
658
502
548
266
300
380
774
992
427
562
36
408
722
618
413
254
46
467
186
424
687
920
16
59
480
490
769
682
374
825
422
307
100
439
922
340
677
773
912
901
103
154
372
689
194
686
877
539
231
496
333
341
44
508
986
257
888
496
26
948
341
645
462
229
826
240
673
630
550
286
145
648
871
805
29
647
988
283
597
658
859
866
230
953
408
980
17
865
838
512
269
107
177
956
752
123
634
498
763
534
640
102
548
927
945
614
718
871
262
250
752
663
870
177
14
633
507
384
459
523
463
198
191
559
105
338
677
98
507
402
283
472
734
273
729
343
659
500
115
168
196
307
652
981
676
418
302
647
433
936
992
916
818
488
841
559
955
171
62
336
101
986
748
357
272
855
981
420
985
716
627
363
661
196
530
610
437
690
937
762
319
445
803
155
145
1
930
455
229
319
453
116
738
549
360
205
679
175
86
409
548
927
876
246
552
106
684
814
144
611
995
171
713
977
96
183
574
959
874
273
626
233
894
731
184
659
50
798
980
503
115
539
809
452
819
670
486
713
743
262
131
39
67
386
88
660
199
245
729
7
189
9
696
859
100
867
838
199
185
11
535
691
931
822
17
266
321
124
842
484
552
55
611
684
705
270
321
721
675
39
655
64
202
130
13
869
660
596
482
275
90
743
932
629
22
812
65
136
112
665
88
970
936
656
889
539
898
780
518
257
358
148
177
396
67
671
813
999
88
385
400
390
636
393
462
890
145
969
673
790
119
107
8
95
50
700
337
153
250
646
131
943
899
938
26
333
5
769
157
289
203
164
991
354
61
712
886
937
507
874
414
503
390
485
306
935
609
495
924
488
378
452
817
858
877
274
286
867
374
225
126
366
716
491
306
139
44
287
495
740
577
961
72
187
332
439
7
263
458
547
549
161
305
879
326
937
238
423
199
834
824
997
74
921
184
107
102
627
270
344
630
905
875
543
922
580
560
889
835
711
72
981
268
412
182
352
15
732
973
357
983
999
381
473
764
366
699
458
610
14
756
280
371
752
490
257
503
986
904
6
46
33
922
929
874
700
229
620
285
218
692
645
862
647
425
364
631
960
629
147
289
583
483
219
776
165
644
401
125
404
876
853
631
708
64
691
509
7
897
702
342
165
720
595
76
424
343
278
483
830
296
578
965
370
261
333
255
647
233
207
579
135
9
667
355
622
499
615
63
547
745
658
988
471
655
147
832
574
303
198
35
260
639
584
221
766
75
333
144
87
910
898
609
524
38
630
928
510
230
850
392
522
413
461
940
50
263
394
320
47
484
10
386
878
210
297
792
646
735
33
125
481
805
13
273
326
179
752
439
339
699
259
744
222
81
834
957
974
506
262
895
693
922
462
974
300
689
862
702
362
536
649
647
316
329
694
585
525
734
350
376
770
484
976
505
522
596
154
514
903
708
155
731
529
655
188
853
534
508
242
877
338
420
63
839
31
742
290
37
756
550
358
653
734
945
175
445
678
228
548
153
44
407
99
839
569
989
894
520
910
11
883
809
767
167
88
946
140
945
110
878
252
788
15
73
398
550
580
660
538
897
916
612
850
95
662
786
418
278
70
761
178
662
697
595
814
22
732
402
868
476
893
548
243
643
291
445
72
187
355
685
332
685
690
102
468
364
198
181
813
497
825
702
321
991
839
930
997
656
681
910
61
498
18
738
951
731
660
949
358
178
538
365
984
378
999
768
632
652
24
649
843
303
975
433
365
360
936
336
903
780
817
895
481
926
332
998
154
853
143
794
346
373
492
145
431
102
331
723
11
455
708
106
373
868
62
57
363
613
960
609
42
83
591
29
722
848
825
891
27
296
785
431
761
922
102
364
904
325
793
841
382
935
200
636
607
470
694
849
800
363
610
892
136
358
117
815
6
903
810
614
525
263
310
613
785
747
625
509
672
743
613
288
78
38
808
165
569
567
546
714
10
927
422
537
915
330
978
745
82
698
599
95
944
820
770
671
874
674
693
995
784
208
528
191
675
422
800
477
260
288
57
79
229
249
504
2
339
484
750
16
224
351
715
354
566
810
505
843
718
788
499
728
69
212
67
939
912
967
536
768
80
667
261
265
739
353
133
898
511
654
443
585
118
262
842
288
99
199
686
521
264
497
141
80
194
217
85
69
515
631
309
770
615
575
202
865
635
137
46
390
308
165
814
587
971
209
400
276
142
193
192
434
750
598
819
42
598
326
184
832
376
621
74
505
701
856
850
373
289
974
189
281
294
368
768
947
162
919
63
297
190
66
466
660
53
923
94
770
701
776
979
545
82
513
977
672
520
801
498
884
609
577
634
870
21
43
717
256
565
382
797
293
358
38
668
166
296
74
453
185
262
971
653
286
93
204
995
639
564
456
984
449
770
880
959
860
1
957
970
940
735
225
661
702
858
138
65
32
182
221
866
750
95
442
87
786
58
939
406
948
124
481
491
254
780
421
553
740
902
777
83
816
131
803
315
194
987
532
360
457
110
459
290
496
949
457
544
746
654
480
898
981
570
867
172
469
437
704
156
229
549
111
868
156
887
772
340
261
540
660
180
43
290
513
861
399
110
396
906
498
435
800
652
593
247
362
644
502
337
315
25
767
788
590
353
347
886
615
94
360
463
488
992
134
170
970
633
195
472
7
364
528
278
744
544
324
922
956
610
769
554
972
56
706
771
320
911
860
170
299
79
739
416
568
91
376
289
645
606
313
125
885
625
196
528
66
190
936
913
67
774
333
528
797
744
752
348
317
72
903
224
866
207
192
390
354
959
517
770
603
338
413
154
240
721
176
482
521
585
130
710
691
688
624
394
164
254
804
900
427
841
935
970
146
296
711
251
719
601
474
297
919
380
185
814
813
222
492
116
202
20
629
982
401
184
181
332
226
193
626
535
306
758
972
575
100
952
696
853
827
338
264
44
397
660
119
682
210
118
718
557
732
18
399
382
73
606
330
922
48
810
838
583
982
725
623
348
371
818
640
582
908
626
281
512
793
469
615
956
185
451
926
798
618
599
497
629
349
600
627
579
224
55
59
933
65
767
178
338
567
270
105
476
394
131
615
720
242
392
9
178
625
917
573
673
501
490
495
737
694
489
144
616
538
498
232
217
937
657
235
87
795
589
83
753
125
38
341
290
614
75
285
713
939
175
89
81
646
865
769
462
465
634
166
959
711
292
768
5
504
600
274
980
305
549
888
261
954
719
152
84
941
812
265
347
354
480
18
654
747
630
80
305
190
110
917
955
16
595
584
606
651
213
408
271
93
594
999
319
848
353
726
841
818
553
86
521
309
688
388
348
994
758
943
977
459
712
422
852
820
404
95
525
889
989
928
318
522
650
394
341
835
397
715
986
788
527
787
276
227
408
894
439
826
449
670
125
428
320
81
597
378
69
36
241
887
496
872
518
577
658
40
395
763
440
56
926
255
486
895
203
204
50
491
183
800
975
327
515
714
480
623
220
961
15
762
473
992
695
944
804
1000
728
2
568
879
876
522
373
214
484
962
975
306
109
871
161
622
786
424
790
95
645
575
58
606
95
650
119
314
889
554
394
941
511
180
186
911
15
870
771
200
35
690
552
492
595
323
778
508
860
419
265
420
812
7
291
889
215
42
157
700
885
504
418
326
581
830
142
677
126
118
572
473
372
470
332
653
752
131
20
474
406
40
296
272
465
580
681
986
675
553
672
460
248
689
521
701
606
208
76
472
83
62
838
808
27
382
840
365
675
475
552
93
270
475
828
243
663
42
636
669
4
418
15
773
1
698
502
18
403
470
864
715
278
102
687
725
763
88
333
565
60
882
381
177
256
273
578
760
37
78
851
845
9
680
727
277
500
474
231
744
595
693
210
144
119
909
452
407
680
569
39
352
188
831
861
626
124
805
621
792
975
475
599
258
368
8
535
794
846
181
382
379
861
330
606
18
466
499
225
530
399
228
327
473
916
288
555
845
399
469
701
770
893
556
187
771
877
264
535
858
290
821
792
728
201
91
528
31
691
197
797
92
249
989
422
871
109
122
578
490
384
198
454
666
549
525
388
127
334
611
674
757
815
64
432
994
520
472
864
810
155
6
815
462
166
315
899
268
133
286
627
244
606
181
938
216
926
458
637
226
331
211
966
408
935
637
595
695
889
533
102
561
154
434
809
314
670
854
428
875
208
723
314
524
912
402
542
568
21
324
753
375
31
385
452
297
868
588
12
733
464
652
616
559
135
574
24
396
365
19
654
527
731
401
367
398
196
959
172
838
311
353
904
345
704
318
891
378
727
716
371
18
348
429
950
857
47
347
362
752
966
891
743
467
724
787
885
869
634
509
380
397
288
193
274
304
810
203
337
115
332
891
376
467
288
999
883
385
989
275
784
994
279
476
2
346
881
420
252
315
787
262
110
705
173
550
41
589
684
90
589
761
683
812
603
986
838
988
438
704
375
832
964
810
779
833
547
514
593
38
778
224
123
460
497
438
352
517
991
700
816
739
612
582
815
440
389
584
381
373
663
521
896
453
330
51
851
103
228
319
591
514
445
989
122
523
585
542
375
362
925
319
584
425
870
328
105
188
245
548
771
386
271
965
845
921
122
338
737
931
896
939
991
2
545
204
684
758
726
823
967
798
614
379
669
844
185
769
41
518
983
13
437
495
507
163
449
716
764
516
195
956
326
608
215
613
857
176
860
488
650
630
472
727
932
807
643
301
440
614
27
315
143
223
495
372
870
559
2
766
959
892
28
351
997
814
759
274
29
549
28
152
939
507
791
835
554
859
983
600
847
299
305
959
287
408
483
899
245
356
334
477
465
439
260
135
883
404
934
756
722
557
812
672
629
440
273
786
10
543
156
289
40
435
346
403
410
283
993
530
948
119
248
831
773
70
991
172
399
384
358
130
481
277
418
388
415
219
990
945
4
834
81
758
204
611
290
672
669
903
466
429
630
530
567
578
793
970
448
947
212
57
720
354
421
526
128
788
601
839
979
121
884
962
738
438
694
294
951
387
126
514
221
341
56
245
742
790
303
421
207
72
220
528
889
754
463
245
721
153
308
379
829
64
898
174
605
940
239
453
90
552
485
598
403
704
603
842
267
738
551
351
186
105
920
700
726
754
175
53
889
312
9
725
254
392
269
523
244
435
441
513
153
521
950
904
745
141
339
533
792
261
705
964
41
496
935
959
776
546
973
661
664
461
159
806
125
947
79
686
411
569
496
309
749
117
227
883
280
621
959
892
743
603
730
188
911
210
151
564
191
825
537
538
956
243
561
938
232
436
463
376
768
187
169
795
874
358
834
977
701
364
983
761
113
391
152
748
236
584
531
461
432
119
38
399
202
431
65
623
645
99
117
794
242
901
384
564
986
704
614
271
563
576
772
103
666
871
811
943
208
32
702
93
897
511
732
39
512
187
967
896
69
311
274
570
431
502
19
352
931
742
775
717
587
964
29
948
581
202
93
213
9
72
94
911
977
185
575
465
369
616
618
964
314
271
227
445
638
986
588
110
168
3
148
622
669
939
261
475
893
42
390
903
153
418
824
80
307
922
983
490
544
843
283
879
674
64
79
559
119
850
454
375
162
924
495
153
418
693
412
337
69
632
82
563
363
951
21
74
658
703
763
568
300
826
538
718
222
663
500
253
221
845
518
195
651
367
696
785
887
676
909
799
14
954
238
969
915
313
855
432
240
496
534
919
48
259
147
707
48
793
430
419
655
733
318
681
569
817
726
667
183
536
255
545
94
445
784
300
473
834
154
952
314
633
870
312
459
72
769
208
515
924
209
676
655
502
413
512
6
133
518
502
743
649
449
980
864
79
556
231
137
227
231
604
861
405
907
614
543
299
396
602
698
458
228
316
90
307
818
781
263
191
621
575
518
674
777
502
622
887
681
542
317
223
278
709
788
357
174
346
197
395
344
819
454
131
733
719
454
42
505
330
409
801
623
498
201
153
381
755
702
247
240
105
101
71
907
304
401
655
488
310
205
590
953
895
846
302
428
413
410
586
780
922
689
102
481
174
197
261
989
221
237
358
714
47
937
289
951
639
248
290
676
579
26
95
790
579
409
141
321
616
120
128
108
510
50
937
838
425
820
801
376
50
492
174
381
569
888
664
574
205
385
468
830
548
344
524
882
443
142
572
864
195
187
546
362
960
651
330
544
102
19
332
215
623
120
622
681
61
301
93
794
448
507
371
805
910
745
461
256
119
883
727
773
204
469
230
467
733
660
939
306
224
74
213
42
88
801
747
549
188
757
647
69
233
400
82
56
915
54
829
642
384
493
980
695
978
441
403
841
856
939
607
263
55
800
377
331
115
826
44
409
319
194
441
543
137
852
333
364
409
30
994
873
17
984
442
717
783
96
238
357
73
455
599
61
642
29
385
41
332
272
127
569
829
151
972
415
35
781
449
560
764
565
277
731
636
610
797
928
908
999
877
56
42
110
180
39
991
160
86
974
30
50
191
6
8
664
799
373
896
262
60
646
940
909
56
822
486
308
407
172
513
891
47
669
43
292
433
847
362
784
319
655
57
665
28
670
457
648
687
554
861
357
470
262
786
366
269
284
151
192
174
13
341
931
959
459
68
592
279
595
814
708
217
390
959
23
35
567
524
156
663
608
30
304
920
916
857
204
492
869
841
937
743
483
216
226
917
234
857
605
87
935
265
954
397
794
342
980
603
896
519
152
40
133
284
483
507
768
293
662
793
97
203
602
929
531
433
915
737
638
303
819
397
86
775
651
452
530
311
796
629
77
867
183
567
733
283
649
582
254
27
502
94
956
820
569
700
820
435
494
80
834
469
119
222
9
488
619
907
186
828
318
568
300
856
494
633
842
302
715
948
333
425
39
376
553
670
118
161
865
640
531
719
336
10
447
358
192
276
836
13
844
734
726
221
871
440
715
211
61
822
978
165
40
300
167
576
784
705
50
256
878
929
394
570
889
878
504
487
553
252
640
207
488
205
935
256
194
667
961
908
408
478
955
381
208
595
577
572
99
186
690
361
754
494
625
340
633
228
775
942
679
429
485
294
588
117
995
691
910
594
837
147
889
653
332
415
773
746
803
226
1
806
994
347
782
156
23
97
250
496
228
778
771
259
953
420
926
373
181
310
392
700
667
736
592
309
116
473
484
126
722
813
117
601
927
61
850
376
413
108
363
983
550
826
407
444
848
544
82
522
833
700
981
316
946
737
726
20
539
218
886
711
507
118
209
624
33
786
231
89
846
353
792
971
957
235
907
429
255
313
702
688
148
313
346
512
819
34
229
16
366
469
149
540
801
321
378
49
170
249
969
110
338
573
28
274
473
598
505
15
772
664
372
491
70
490
15
202
355
312
276
739
636
169
785
547
198
401
447
928
327
587
878
235
522
964
28
962
611
363
51
136
974
166
234
270
756
922
769
331
485
159
503
987
467
191
414
706
395
210
190
532
664
134
890
574
985
589
962
837
193
685
963
858
531
454
478
940
398
252
677
81
790
543
111
818
306
385
49
233
8
746
262
189
328
634
272
896
647
991
144
369
8
424
500
640
52
206
548
492
458
563
739
854
890
328
681
552
156
187
444
577
344
50
348
263
751
731
862
703
215
301
321
779
603
298
38
375
964
737
718
633
414
197
867
514
972
666
248
619
551
134
917
775
458
500
393
710
745
339
365
41
313
245
815
631
786
969
573
533
238
681
142
22
630
450
50
210
635
526
22
50
155
909
813
224
304
61
646
244
365
539
278
491
238
843
525
145
170
565
810
864
51
67
358
36
309
101
810
882
878
802
296
870
823
223
49
200
611
356
764
34
958
283
330
476
353
374
450
432
288
713
319
441
327
259
688
384
527
872
250
985
177
574
478
800
141
552
536
203
774
288
571
124
44
974
195
100
273
954
582
177
749
941
728
218
411
462
105
152
74
400
354
784
918
341
614
321
566
134
272
401
569
641
107
297
968
732
377
132
652
93
353
822
832
649
929
867
892
802
281
132
643
401
624
412
575
470
959
520
164
370
261
495
879
823
505
33
403
53
161
238
701
789
423
947
564
873
876
514
892
111
111
955
802
157
392
804
779
598
524
93
568
248
982
600
316
711
709
98
286
362
441
944
25
945
980
244
126
587
106
696
339
464
52
282
642
331
223
99
919
164
445
568
445
580
312
790
714
480
705
393
54
451
68
551
523
54
448
784
468
708
582
475
207
811
585
396
152
379
747
607
708
395
66
367
493
480
388
597
877
866
147
844
657
462
975
844
501
586
525
430
874
624
974
143
291
465
197
951
524
189
719
380
843
315
930
330
618
575
716
632
324
474
690
257
457
124
792
766
464
164
922
514
760
700
914
862
624
560
390
423
372
610
657
746
681
462
962
422
964
929
720
837
553
418
316
896
899
501
511
189
817
475
717
73
241
825
224
544
909
118
579
885
127
523
570
34
424
816
748
388
267
999
433
337
504
376
295
476
93
58
801
892
585
186
685
522
42
147
267
650
736
906
768
106
27
440
480
429
242
936
578
801
478
357
681
163
607
560
847
520
406
413
43
755
856
375
544
428
895
58
14
697
920
441
425
953
83
491
469
68
253
993
382
695
156
424
839
428
602
975
774
246
498
805
740
25
535
859
685
191
964
611
602
444
468
299
694
316
477
456
54
470
742
93
133
14
784
97
828
517
979
255
913
604
183
404
291
965
935
275
465
419
529
551
318
152
407
117
328
748
350
614
81
306
307
445
825
918
73
925
28
810
823
245
642
282
167
70
488
24
498
59
295
945
933
289
554
780
88
710
560
122
25
897
441
616
274
458
536
884
203
829
882
720
892
284
971
582
797
573
765
857
686
7
898
152
688
78
671
221
449
812
196
991
564
671
790
595
176
551
612
221
919
735
888
874
5
883
227
136
315
853
146
236
641
632
357
678
195
530
871
84
15
699
319
695
794
983
210
234
726
885
203
373
660
28
899
989
722
879
321
618
958
407
39
343
303
565
732
250
760
257
937
143
366
414
707
785
392
909
23
726
439
487
875
7
549
452
230
144
920
907
314
652
305
338
868
190
613
898
571
813
286
230
113
969
599
977
596
467
861
808
698
801
824
493
440
111
30
156
418
59
802
87
265
103
302
735
145
774
676
214
589
751
873
468
202
995
38
154
116
998
979
342
417
1000
43
611
967
851
392
539
164
694
183
266
953
559
159
746
151
745
991
435
953
156
619
183
341
358
736
309
896
8
66
968
360
90
243
100
264
649
22
115
600
273
789
98
749
738
137
744
241
489
377
165
318
266
87
425
146
10
938
664
244
919
113
988
266
275
285
506
994
965
303
520
502
392
10
285
542
536
918
383
569
967
263
704
424
774
326
985
535
474
100
758
526
294
731
829
168
559
342
550
773
388
498
93
554
204
268
250
560
867
565
75
683
170
270
48
186
76
81
710
940
301
561
48
779
616
472
578
909
21
36
271
313
235
391
887
738
287
722
431
14
975
335
685
400
358
572
8
741
913
583
831
673
808
774
290
363
232
244
450
528
161
169
973
3
252
309
757
680
19
924
73
863
197
61
428
568
232
157
901
810
153
526
55
20
73
712
349
49
126
827
779
361
745
191
511
670
424
230
609
787
384
805
7
949
203
308
47
641
210
54
505
749
746
895
248
23
586
259
806
130
2
329
118
309
166
384
354
696
1000
594
976
462
862
166
826
545
758
709
524
905
94
174
736
669
907
631
841
929
879
512
191
433
832
198
446
905
670
69
758
80
673
730
828
892
693
971
476
824
268
232
110
123
590
152
417
942
599
721
103
636
358
411
290
697
641
833
940
509
266
768
939
292
770
137
84
36
477
30
277
843
943
939
314
418
305
510
65
416
958
236
153
851
115
724
894
44
18
977
43
694
7
696
633
122
885
635
760
819
635
952
582
478
154
265
383
559
323
733
996
156
489
707
83
273
560
910
970
569
597
577
212
216
346
119
125
966
258
714
186
224
280
550
545
744
783
941
12
138
609
193
838
635
469
605
955
611
140
659
586
401
950
613
265
643
504
353
839
16
974
214
890
87
639
243
657
687
484
622
301
58
947
577
625
677
754
950
413
630
309
55
624
722
424
361
950
737
878
434
993
558
937
256
421
529
94
867
29
134
374
277
642
92
958
461
489
563
275
508
816
421
311
770
700
726
941
148
276
649
771
747
809
131
955
343
597
611
392
179
756
161
123
295
270
577
644
6
127
90
733
342
426
259
546
795
304
434
487
409
461
46
461
332
696
354
112
80
13
366
691
831
685
745
238
453
707
315
196
443
822
80
365
641
54
675
956
932
169
42
383
827
815
537
714
863
44
72
601
388
492
287
659
432
171
562
437
168
326
119
697
984
616
841
14
150
905
396
795
855
499
620
268
75
987
600
565
39
900
185
118
712
285
64
933
846
279
1000
629
405
149
19
665
32
888
577
209
722
108
5
902
348
990
889
848
814
230
34
381
782
49
467
733
755
73
628
261
700
660
6
434
315
982
975
339
936
504
538
993
712
229
859
663
819
302
18
179
469
666
365
302
380
878
96
930
502
767
147
406
713
841
310
541
418
690
576
744
748
81
42
883
746
414
537
446
895
333
208
273
64
164
666
273
219
846
21
640
124
792
203
62
8
624
798
538
325
749
426
881
958
492
129
946
600
108
413
384
369
641
744
615
81
501
112
295
273
681
88
48
320
298
51
315
852
651
402
92
557
465
685
593
105
628
80
700
449
356
350
668
957
149
152
461
726
458
599
446
564
152
915
571
66
676
979
599
505
308
356
344
375
271
500
773
817
168
849
319
620
328
367
18
599
544
995
909
528
467
209
54
806
396
975
855
706
293
473
923
461
201
599
570
863
773
545
593
703
307
260
205
311
583
259
920
368
590
178
159
759
926
519
901
217
231
56
222
148
40
453
70
883
516
979
1000
965
743
838
180
598
848
575
190
737
96
872
230
786
501
919
928
962
667
382
599
521
178
822
842
173
637
214
483
744
151
277
558
475
555
198
225
701
649
788
2
436
551
673
896
69
679
350
432
868
384
5
225
305
138
579
128
953
47
886
849
691
872
451
894
78
650
649
994
57
860
187
322
256
171
707
317
761
448
685
217
187
957
726
486
613
256
449
222
975
110
38
166
476
364
822
641
265
575
246
474
975
470
911
604
955
245
130
880
140
130
814
523
471
287
192
400
744
230
409
167
866
173
729
708
325
182
77
677
62
345
737
878
466
864
603
388
611
157
764
160
904
3
656
708
641
575
569
263
923
682
174
797
419
216
184
950
374
626
145
134
980
528
736
998
479
219
773
797
816
886
305
203
2
131
372
468
417
404
481
433
36
567
164
863
260
46
492
298
646
759
787
187
292
306
427
760
480
84
254
404
664
97
282
533
53
807
893
585
875
192
236
879
540
318
17
757
526
772
972
179
497
491
618
693
666
56
148
756
902
18
388
712
306
677
666
722
509
564
955
44
646
683
299
505
47
385
673
537
647
59
354
545
242
859
394
748
341
821
442
934
716
241
162
322
703
994
463
838
478
120
343
976
640
155
451
129
982
621
574
108
726
748
622
407
239
675
872
682
556
984
302
481
125
65
946
442
664
269
104
831
398
682
700
556
482
844
404
244
557
12
548
126
236
207
151
816
864
478
712
281
316
365
551
832
431
238
627
443
443
379
895
963
563
292
758
81
385
579
135
10
681
669
89
690
489
797
847
429
565
36
390
867
4
768
523
315
237
966
413
701
499
292
17
969
44
965
497
861
253
274
172
220
529
757
936
225
377
216
242
640
751
657
910
238
592
303
936
815
599
334
770
829
890
934
323
19
823
661
775
536
571
356
551
960
978
837
164
836
275
47
685
436
303
193
160
50
623
903
368
68
890
972
569
200
482
164
519
575
376
644
573
153
648
475
208
600
649
613
965
106
587
129
218
331
350
91
821
243
716
770
149
647
839
512
338
17
733
946
369
507
74
981
211
204
934
165
426
298
280
676
196
928
830
292
437
347
832
667
478
367
484
943
708
252
1000
55
201
777
455
150
848
440
313
312
592
972
169
189
99
773
810
234
994
622
692
285
982
77
100
39
716
258
756
811
2
444
825
408
290
714
390
80
836
711
523
685
451
192
299
517
758
650
227
841
765
292
153
106
230
907
199
391
648
482
589
865
945
370
219
797
644
873
483
691
834
671
864
640
410
149
645
373
717
380
744
684
673
669
925
776
538
742
331
635
604
261
324
887
789
687
308
490
973
737
721
564
773
512
851
452
737
901
841
65
424
675
648
487
165
139
323
96
681
577
32
756
665
446
683
21
179
993
433
213
657
504
958
580
353
597
345
921
387
658
810
122
784
923
534
140
66
812
306
236
912
128
505
159
225
14
296
547
195
6
645
704
4
53
650
796
650
44
305
895
317
670
19
184
216
798
938
928
806
116
943
894
749
542
104
413
556
580
491
435
181
721
302
596
643
827
734
455
449
964
448
647
695
275
144
71
790
913
498
471
783
34
689
610
547
29
420
608
202
829
687
760
23
863
733
197
383
552
187
64
404
835
440
381
260
415
29
169
694
385
869
706
544
607
359
344
576
82
332
835
915
390
819
694
592
809
131
485
543
573
229
880
22
331
182
142
966
103
9
810
807
45
154
772
528
281
311
305
652
443
715
136
823
172
1000
109
319
574
153
913
127
207
786
206
457
528
82
816
265
600
627
431
108
204
665
29
556
708
539
68
659
772
777
843
975
577
762
588
962
899
918
148
489
209
576
665
301
896
79
194
375
667
614
926
26
645
167
451
505
902
622
164
23
54
876
422
172
518
815
192
991
350
159
359
402
750
630
738
516
102
543
244
732
319
875
743
899
172
724
890
158
233
353
660
223
6
270
864
227
789
998
143
207
278
665
726
975
224
184
520
763
769
925
220
298
775
368
106
682
212
364
418
396
406
815
914
546
277
750
595
280
715
240
110
684
596
137
343
56
92
294
560
63
558
71
22
197
787
616
776
896
575
726
631
963
812
781
373
567
68
199
115
985
622
480
959
738
842
310
103
5
86
42
661
45
690
690
604
737
72
838
763
900
557
117
470
882
899
833
55
22
179
664
618
922
436
646
128
110
419
466
830
728
41
937
88
326
3
322
1
755
261
561
819
312
813
76
355
183
856
323
709
964
740
563
155
855
634
93
559
204
189
94
483
899
45
358
596
860
245
79
799
49
989
901
94
872
623
267
714
249
939
376
105
425
18
470
326
745
98
546
25
600
708
323
15
543
532
91
669
723
439
896
472
938
339
747
703
655
405
331
292
706
540
279
224
140
89
473
867
929
935
738
827
493
837
904
440
108
144
890
276
607
37
109
331
122
9
959
167
123
329
692
341
939
528
979
697
241
267
725
324
871
604
523
663
428
971
978
113
646
658
626
305
977
275
846
519
239
16
585
252
719
966
717
410
314
769
310
418
293
16
266
72
582
901
789
752
194
750
629
920
899
789
441
693
550
906
181
103
552
188
920
911
1000
690
854
703
742
892
586
483
212
420
524
297
411
589
930
473
676
358
763
896
822
667
858
641
541
918
566
208
905
960
316
501
5
140
398
888
873
225
175
826
74
277
752
393
355
906
390
524
100
669
941
556
450
94
220
972
93
409
749
943
421
200
874
534
815
193
71
667
111
20
25
673
514
765
975
756
832
208
65
562
785
622
843
493
755
362
462
743
136
756
612
139
599
640
786
777
350
523
471
785
965
426
747
328
372
74
997
799
895
979
387
901
108
612
845
364
235
359
402
414
971
233
788
545
940
428
122
380
711
597
342
449
928
688
645
149
953
825
683
391
581
146
834
557
20
89
40
245
938
708
34
498
80
64
224
745
836
700
184
671
288
329
936
761
983
5
617
870
104
846
821
981
340
250
794
504
950
862
483
210
708
124
77
53
798
681
531
351
376
2
945
656
460
247
87
399
149
8
875
291
529
252
61
183
346
451
68
2
414
873
693
786
482
503
632
351
164
927
651
823
80
350
719
10
899
975
466
129
18
996
490
833
790
217
661
842
635
74
122
760
492
458
183
187
187
116
938
2
763
506
647
732
556
907
952
929
299
438
384
881
353
914
975
559
336
884
373
872
786
6
13
525
384
739
53
461
713
923
801
279
790
84
559
491
612
1000
981
269
458
871
533
576
987
936
37
636
104
933
340
326
71
205
606
804
439
997
942
723
654
806
556
548
787
176
602
912
87
322
335
429
612
276
343
875
233
155
561
422
82
538
666
374
103
816
61
127
2
303
637
120
924
769
224
505
835
706
91
725
631
582
861
992
844
688
962
459
62
245
595
805
164
317
81
720
297
790
753
544
868
739
147
866
131
830
195
225
390
531
856
657
459
356
634
446
981
374
135
131
331
333
329
620
675
159
196
776
1000
373
355
220
731
576
599
420
901
824
689
257
456
482
929
146
966
78
74
830
278
230
35
538
235
987
202
25
76
372
162
705
565
7
425
274
31
137
560
999
913
886
385
729
480
490
452
763
870
879
43
710
594
472
113
788
980
207
635
549
805
330
323
844
804
267
626
152
434
222
431
599
745
481
246
474
969
658
388
317
507
233
537
712
555
646
103
516
34
817
849
519
908
242
831
903
897
83
29
601
439
783
189
443
62
831
439
685
687
365
164
797
856
128
553
278
591
726
965
83
151
579
899
86
795
153
53
378
513
35
835
996
594
38
871
523
402
161
215
396
999
54
210
453
597
838
730
202
897
811
395
4
235
599
539
945
808
834
369
23
120
341
378
448
671
364
141
613
77
701
657
416
540
545
180
648
635
433
707
376
419
383
525
163
483
449
996
27
166
726
876
802
18
65
914
246
92
599
457
708
591
680
166
979
785
778
485
602
208
841
32
682
755
849
57
77
511
155
59
178
556
8
941
862
84
316
604
119
582
957
63
1000
765
878
12
864
368
384
623
188
45
954
760
449
282
351
402
218
48
899
791
851
786
797
612
337
452
823
91
614
352
922
53
532
426
518
764
322
690
374
220
741
116
179
500
984
860
762
999
99
91
45
89
668
575
438
502
434
950
521
231
365
711
607
492
423
897
965
823
34
824
572
342
678
769
774
994
299
957
42
205
141
304
550
772
457
764
729
644
270
555
969
132
167
577
861
468
643
580
36
698
412
97
590
818
436
890
597
903
248
109
283
896
27
577
47
112
257
870
411
134
867
812
826
862
840
583
898
143
11
398
518
707
294
549
147
852
60
868
643
23
729
358
882
506
1
79
535
553
835
858
518
247
923
585
188
874
551
306
4
664
867
485
234
703
124
841
402
851
471
907
857
941
892
118
865
712
221
68
105
764
82
495
102
282
402
806
491
881
873
2
791
492
227
140
991
820
774
401
852
372
102
126
289
255
689
424
788
503
467
210
761
64
53
477
848
115
126
154
22
81
198
476
759
448
360
39
880
129
138
743
913
244
151
644
167
824
937
340
397
791
825
168
28
993
788
762
918
474
57
731
107
897
579
741
509
310
948
255
445
212
33
148
504
272
984
675
674
894
615
232
431
239
93
62
185
271
274
8
579
678
177
834
728
326
723
640
32
627
29
977
253
543
543
86
102
690
781
930
288
406
988
872
238
210
751
67
555
375
148
80
658
118
24
651
695
559
365
158
771
577
137
815
341
841
110
122
864
653
81
219
622
44
497
984
371
555
694
332
817
723
425
236
742
754
552
798
705
82
579
883
23
159
73
41
867
417
279
501
334
79
456
753
875
180
875
584
66
280
108
845
514
943
66
361
281
140
668
645
702
834
895
80
905
645
141
204
293
73
590
117
491
300
99
228
401
778
525
784
654
713
928
23
562
420
666
354
317
333
246
392
494
834
55
492
5
978
487
473
127
874
591
571
318
418
609
226
681
426
415
563
6
112
838
243
102
356
118
440
870
755
637
798
393
459
325
974
231
995
63
515
710
824
385
502
175
567
556
703
135
799
387
446
723
480
781
130
426
443
411
374
529
312
635
816
813
382
640
263
381
548
213
357
488
295
77
174
316
587
213
602
106
830
844
816
249
420
747
519
277
386
863
772
491
992
482
20
662
277
838
298
6
45
220
125
196
817
389
550
77
378
465
90
639
330
965
71
296
30
966
369
392
999
958
846
617
634
207
660
387
4
952
762
295
229
145
299
288
138
557
311
456
168
174
371
10
553
635
765
290
744
972
40
648
691
627
88
789
538
343
706
328
935
772
694
252
151
231
596
11
693
844
696
941
850
652
812
390
213
3
418
541
236
880
309
728
482
975
525
395
289
434
350
870
182
428
677
174
373
226
742
98
770
280
392
341
186
685
900
293
556
690
744
668
950
269
25
975
623
87
374
146
313
376
741
285
71
299
88
588
291
856
557
973
113
681
85
998
420
637
228
948
507
356
899
973
265
906
862
944
299
382
234
593
135
375
718
674
266
46
383
614
315
634
570
734
229
907
705
648
307
484
49
766
189
520
785
861
818
243
412
170
443
40
841
380
275
915
289
609
25
570
883
357
220
892
536
760
419
366
872
8
669
769
869
504
110
716
545
275
687
348
648
211
373
186
873
407
546
637
942
255
751
380
174
879
962
682
79
894
258
485
447
74
247
159
634
404
270
706
165
494
922
478
188
922
816
480
89
413
913
733
318
256
640
855
601
873
70
14
366
400
75
965
560
342
990
146
736
114
652
282
776
212
475
794
651
336
471
533
73
607
12
109
629
220
736
917
663
78
407
174
694
962
449
166
556
382
420
224
276
28
884
836
809
405
727
611
346
398
184
129
992
13
817
680
704
912
382
387
10
594
636
906
973
670
929
187
799
397
160
496
859
658
95
116
396
134
844
733
43
698
830
277
90
323
699
595
47
229
469
259
717
631
223
322
413
170
262
234
804
566
266
115
715
570
661
351
688
835
388
391
295
661
376
298
545
110
654
151
481
501
882
271
835
924
894
915
201
13
457
847
335
302
826
339
353
407
776
845
702
466
621
904
638
136
202
974
885
340
240
854
157
335
294
186
561
573
515
518
867
134
762
156
937
593
829
532
895
152
633
663
235
391
983
497
510
350
427
617
294
440
34
547
848
465
474
659
489
546
103
88
788
154
445
794
899
996
80
937
872
920
845
131
188
801
609
376
327
382
356
810
927
975
461
431
801
403
361
436
382
606
356
198
190
101
891
784
638
301
553
645
591
245
754
718
49
461
995
823
132
581
174
850
945
766
648
943
207
977
233
628
40
933
339
226
387
633
544
671
624
685
149
768
932
134
887
137
620
198
564
325
651
819
247
376
266
757
803
418
860
574
4
495
951
312
322
279
578
945
584
338
768
360
649
693
997
9
769
220
896
242
64
159
447
243
795
42
409
485
328
117
56
824
356
969
731
52
670
796
553
742
682
389
305
790
534
38
696
729
806
444
653
921
973
572
644
677
731
415
158
446
921
846
223
994
960
580
218
236
420
665
414
155
230
222
910
216
600
473
741
691
78
227
718
378
944
780
508
74
864
5
619
27
856
145
350
754
93
762
545
197
455
644
311
515
200
244
449
374
511
121
527
592
992
377
746
65
635
850
673
587
814
778
434
431
965
272
624
323
78
76
972
527
328
620
790
695
71
277
835
431
549
160
300
504
660
293
642
548
151
987
716
135
17
692
231
966
715
886
992
45
481
724
753
839
493
774
948
541
383
656
730
159
852
303
529
946
630
666
112
95
42
782
575
985
55
22
169
299
432
789
669
248
933
143
491
110
826
750
394
768
996
273
807
574
625
971
939
939
307
383
446
884
510
60
116
726
2
987
844
814
787
320
650
913
824
951
967
116
1
178
568
370
25
872
274
428
700
380
566
268
45
583
381
526
224
76
881
438
51
674
854
540
584
846
807
417
342
743
69
284
853
273
288
587
373
391
259
555
62
571
541
747
542
258
46
780
769
12
324
749
307
860
861
87
266
480
916
190
68
645
313
742
525
826
35
785
936
442
511
696
785
467
102
653
700
766
248
958
917
113
932
680
489
769
935
946
280
502
731
964
678
939
501
722
847
74
285
801
174
81
536
489
258
968
511
368
38
595
371
964
480
784
450
779
533
52
347
559
513
62
710
780
316
537
380
913
366
671
47
744
968
722
648
200
840
712
933
621
864
739
247
155
88
356
197
688
586
52
115
149
884
885
554
388
163
194
279
1000
788
293
840
352
405
294
347
574
369
290
789
283
828
240
671
331
813
670
445
946
991
36
583
267
228
317
343
746
790
964
400
16
722
525
271
843
347
571
680
395
70
251
504
743
846
669
913
279
987
793
448
373
31
570
607
402
96
846
179
526
336
245
891
685
487
549
245
484
669
561
780
152
993
690
176
520
983
464
225
763
489
993
700
282
572
927
754
239
332
289
48
212
370
159
76
325
246
535
739
818
362
987
714
819
303
19
142
578
921
952
922
792
649
674
757
667
169
190
475
376
374
241
331
32
482
9
451
62
532
746
813
283
331
668
112
838
485
853
899
644
992
697
333
885
271
33
109
396
544
985
974
1
957
937
808
271
750
623
475
14
649
638
550
847
725
910
121
86
380
490
258
450
5
374
732
798
518
33
683
545
313
582
529
230
828
692
158
350
108
263
975
108
309
135
187
373
286
889
647
500
491
769
348
352
561
466
460
620
809
641
352
531
411
691
321
435
409
386
166
177
420
787
141
236
719
964
760
944
914
339
320
52
904
102
165
323
890
445
164
594
21
839
241
496
561
857
188
855
855
602
448
92
300
403
613
903
523
559
671
989
765
959
151
986
875
138
533
222
3
954
643
665
830
169
437
36
833
145
971
528
889
639
541
799
519
611
176
918
347
613
314
506
535
243
487
242
191
348
117
66
524
1000
962
924
455
895
275
787
522
95
679
428
258
394
573
702
694
906
480
313
227
222
600
976
419
485
693
853
320
390
46
337
595
908
699
77
439
922
103
133
35
827
953
544
674
722
289
600
800
465
17
460
382
846
258
313
312
617
523
944
405
664
710
392
451
949
155
182
559
91
148
666
255
717
936
142
517
365
32
716
796
318
647
446
707
733
467
691
571
71
52
852
895
513
990
116
713
478
492
709
158
273
420
597
685
628
3
303
959
215
856
860
640
747
200
384
841
691
627
964
404
6
981
84
658
515
558
120
940
508
891
226
940
854
100
35
942
311
909
960
362
20
342
435
209
956
636
375
811
687
392
426
727
634
249
581
267
655
580
799
434
325
378
783
763
692
685
188
903
287
579
16
980
497
961
79
381
717
401
488
10
710
860
502
556
853
56
626
856
311
112
90
745
590
467
956
512
248
842
858
521
345
47
248
671
225
567
618
421
455
32
83
969
463
489
176
437
457
737
946
116
429
334
237
58
248
842
771
347
100
157
28
668
15
388
125
995
722
126
929
860
820
934
617
376
386
791
812
432
332
979
610
777
933
416
840
486
85
408
